1000
-0.30769
0.56641
1.3426
4.5784
3.7694
-0.34989
4.0349
1.7254
0.93695
1.7147
0.79503
0.87586
2.4897
2.409
2.4172
1.6715
-0.20749
1.7172
2.6302
1.4889
2.0347
1.7269
0.69656
1.2939
0.21272
1.8884
-0.14707
-0.06887
0.1905
-1.9443
2.4384
1.3252
0.24507
2.3703
-0.71152
0.89776
0.75855
1.3192
1.3129
0.13512
0.96995
0.83512
1.6277
2.0933
2.1093
0.13635
1.0774
-0.21412
-0.1135
0.99315
2.5326
0.23033
1.3714
0.77442
2.1174
-0.089064
1.0326
1.5525
2.1006
2.5442
1.0859
-0.49159
0.2577
-0.061582
3.3505
0.3844
1.7481
0.80758
1.8886
0.23515
-0.40227
-0.42238
1.4882
0.82262
0.80395
2.4193
1.2916
1.1978
2.5877
0.19553
1.6966
1.8351
0.75628
1.2157
-0.16584
-0.14795
1.1049
1.7223
3.5855
0.33311
1.1873
0.91751
-0.93302
0.56103
-0.79468
1.8404
0.11197
1.1001
0.45547
1.3035
0.39967
1.49
1.7394
2.7119
0.80588
-1.1384
0.16041
2.3546
-0.072155
1.961
1.124
2.4367
-0.9609
0.8023
-0.20785
3.908
1.8252
2.379
-0.05818
0.53138
0.72753
2.0984
0.72213
1.7015
-1.0518
0.64615
0.17641
-0.57706
1.508
1.282
1.0335
-0.33368
2.1275
1.3502
0.70093
1.0229
0.738
-0.75021
0.71435
0.16863
0.020794
-0.1564
0.46644
-1.0026
1.9642
1.5201
0.97997
0.96523
0.20184
2.0187
0.86678
0.28547
2.3514
0.77523
0.41097
0.70625
0.15207
-0.12013
3.526
2.6555
1.3075
-0.25712
0.13453
0.82347
1.7914
-0.332
-1.3299
-0.4491
1.3335
1.3914
1.4517
0.86972
1.1837
0.52385
1.862
-0.36169
1.455
0.15129
0.66511
1.5528
2.0391
-0.11764
2.2607
1.6601
0.93213
0.80478
0.78239
0.69689
1.023
1.0513
1.8261
2.527
1.4669
0.79029
1.6252
1.1832
-0.029768
1.9492
1.3071
1.1352
1.5152
1.2614
0.058514
0.83766
0.85395
0.46799
2.6821
0.12427
0.51618
0.288
-0.17421
0.80776
0.72593
2.5301
0.75098
-0.064213
2.6035
2.2347
0.77037
-0.50616
0.55537
0.84406
1.2761
0.73884
1.4434
1.3919
-0.25068
0.052039
0.25889
0.49218
0.67942
1.0125
-2.0292
0.54299
2.2424
-0.066701
1.9337
1.3503
0.97099
1.1825
-0.56506
0.91546
2.6039
1.0983
1.0414
0.26583
0.96919
1.2323
1.4264
0.62719
0.76355
3.0237
-1.2584
3.2294
1.3376
2.0001
-0.66416
0.40997
0.72194
1.4227
-0.6702
1.4716
-0.21285
1.0662
1.6524
1.3271
2.0826
2.0061
0.34909
1.2571
0.055622
-0.32179
1.9248
1
0.94508
1.9111
1.5946
1.3502
2.2503
1.9298
1.2398
0.30964
0.34845
2.1921
-0.61183
0.97554
-0.94885
2.0205
1.8617
1.0012
0.92916
-1.4863
1.5812
-1.1924
-1.3193
1.0799
0.051519
1.4115
1.677
1.8577
0.30884
1.4494
1.1006
1.8261
1.5362
1.8979
0.86806
0.8528
2.0078
-1.1237
0.49541
-0.27059
0.61742
1.6487
1.8257
-0.014944
0.52893
1.137
0.70814
1.3018
1.3999
0.070038
0.82317
-1.1321
2.1454
0.37091
-0.20385
0.74606
-0.42865
0.97914
0.43934
3.1778
2.1385
-1.4969
1.4413
-0.39814
0.74494
1.1644
1.7477
0.72695
2.5763
0.51906
1.3275
1.6647
1.0852
1.881
1.3232
0.21585
-0.80537
2.8586
0.39547
1.1034
1.5632
1.1136
0.095274
0.53229
0.87511
2.479
0.13918
1.7847
1.3086
0.76614
-0.056973
0.71586
0.91331
-0.4694
1.1922
0.17771
0.90576
1.3362
0.095346
0.71174
1.3501
-0.83586
2.036
3.4245
1.9594
0.68423
1.4286
-0.035985
2.8779
1.9407
1.7873
0.12413
1.3199
0.44171
0.68857
0.42999
-0.025734
0.091254
0.7901
-0.69886
1.6076
0.8822
1.6992
1.2696
1.4943
-0.48312
-0.020264
0.553
1.1097
2.1287
0.71004
2.2616
1.4754
2.1741
1.1269
0.34318
-0.4814
1.1555
1.8186
0.70741
0.45921
0.69136
-0.096593
0.50699
0.81926
1.0458
0.93622
1.6113
1.1093
2.814
1.312
2.8045
0.27688
1.5265
0.73975
1.6001
1.5939
-1.186
-0.32704
-0.44101
1.4018
2.4702
0.67319
1.8123
1.5455
-0.051632
1.3975
0.24811
2.5163
0.96743
2.636
0.57494
1.5894
0.93721
-1.022
0.017868
1.6125
0.94511
-0.11873
0.37362
1.2495
0.006981
1.975
0.35929
2.8089
-0.079866
1.1992
-0.52103
0.27637
0.40675
1.4013
1.9421
1.3005
0.62693
1.8155
1.7989
1.1202
1.5712
1.4128
0.013038
1.7596
0.3428
0.39608
1.1769
0.6925
0.86818
1.5954
2.0468
0.80204
1.3277
0.7617
1.2296
1.44
0.38313
1.2748
1.6011
1.0923
2.7298
0.39144
0.26294
-0.74988
1.9105
1.8671
0.92011
1.8985
1.1837
1.2908
1.1129
1.44
1.1017
3.7873
-0.16667
-0.8543
-0.14068
-0.093343
0.56639
0.83153
0.78147
1.5413
1.3893
1.7512
2.7783
2.2231
-0.28326
-1.329
1.9019
-0.83564
1.0668
1.0355
3.2272
0.93079
0.49268
1.2358
1.2458
1.07
0.39142
-0.22259
1.3165
-0.34287
-0.032184
2.3312
0.5811
0.85968
1.8998
0.69989
2.0294
0.65493
2.0128
1.6293
0.78698
0.1343
-0.043108
0.72993
0.56186
0.59133
1.9835
0.7023
2.1437
0.46838
1.9726
0.47775
1.1766
1.9707
0.58603
0.56173
3.0034
1.951
0.568
1.6489
0.63992
1.7059
2.4158
-0.60452
2.0289
2.458
1.0475
2.7463
1.1554
-0.23712
-1.1935
0.66659
1.7135
1.3174
1.4136
0.42291
1.144
-0.63867
0.23991
0.18121
1.5197
0.98584
-0.15553
0.99048
0.31019
0.3333
1.8641
1.1134
1.3984
1.884
1.1803
1.5509
1.683
2.1706
1.4759
2.4122
1.0226
0.95213
2.7013
0.49029
0.99715
1.9199
1.1498
2.4049
2.0341
1.2916
0.2223
1.5667
-0.38262
1.2445
1.8084
1.213
1.8797
3.0389
1.9239
1.2669
1.6417
1.4255
-0.31472
0.58359
2.2247
0.95642
1.5824
-0.0065001
1.0645
1.6003
-0.36151
1.3476
0.81816
0.060465
0.96247
-0.8963
-1.128
-0.17692
0.0094678
-0.17303
-0.72543
1.2882
-0.59418
1.1102
1.7871
0.99777
1.0931
0.62184
-0.48268
0.95618
1.9608
2.7382
0.56979
-0.62732
1.1663
1.3763
0.77305
-0.14891
3.0243
-1.3595
0.49003
-0.32163
0.36387
1.3179
1.138
0.28926
1.777
1.6224
1.6474
0.57437
2.0486
1.6607
3.5088
2.0635
2.1569
1.053
-0.28839
0.62878
0.24221
0.43603
1.5551
0.44322
0.10489
0.59067
0.83911
1.4093
0.047364
1.3173
1.078
2.3244
0.78683
0.86552
-0.17136
-0.38526
1.3105
0.75051
1.5037
0.10734
2.9085
1.1222
2.047
0.77308
0.8375
1.6901
1.5558
-0.12026
-0.53269
-0.097868
-0.41577
1.0596
0.58875
0.63199
-0.36096
1.7796
1.4394
0.91038
2.0212
0.12602
1.4147
1.3484
1.3493
0.27075
1.3268
0.48512
0.10355
-0.20327
2.0378
0.15406
0.82709
-0.20865
0.70287
-2.232
-0.086959
-0.42644
-0.014451
0.78673
0.67465
2.9444
0.42823
0.74997
-0.56932
0.52262
-0.33798
1.0303
1.8531
1.4043
0.29938
-0.63054
2.46
3.05
1.1205
0.010098
2.1978
0.40734
0.53019
1.8864
-0.38522
-0.95675
1.4207
1.4007
1.0951
1.4967
2.0822
1.9704
0.43143
1.81
1.1732
0.49446
-0.19331
1.647
0.64638
1.0464
0.20705
-0.55051
1.1716
0.93786
2.199
1.8017
2.0533
0.25112
0.063674
-0.26909
1.498
3.7891
1.7276
0.22694
1.8366
-0.12833
-0.42447
1.7174
0.22209
1.316
2.4065
1.4011
1.9297
-0.6058
1.6615
3.1385
1.5411
-0.54088
0.79686
0.50003
1.383
1.412
1.4055
0.63622
0.40073
0.41041
1.8535
-0.85301
0.7927
1.2704
0.34723
1.4772
0.92868
0.061699
1.1614
0.73182
0.59013
0.28868
1.0614
-0.84613
0.60167
0.45645
0.088101
1.6527
0.26573
1.5406
1.9758
0.84313
1.2778
1.6395
0.91902
1.5409
-0.26256
2.1104
0.010437
-0.82884
2.3845
0.93727
1.4489
0.63674
-0.020583
-2.073
1.6263
0.71332
0.80266
1.4056
-0.41935
0.27055
2.1473
1.5979
-0.28128
-1.2033
0.42875
1.214
1.9424
1.0937
-0.12231
1.3062
-0.17233
0.039033
0.34626
-0.22939
0.72903
0.10005
0.71431
0.53758
0.59021
0.49646
2.2333
1.6103
1.0591
-0.46695
-0.6258
-0.96475
3.6052
1.9724
1.257
0.02576
-0.14636
1.5476
2.5651
-0.69334
0.5506
0.91571
-0.992
1.8412
0.58534
2.9122
0.6091
1.4092
-0.14243
0.37514
-0.16872
1.3926
2.3018
0.40636
1.4364
0.49564
1.1021
2.1963
1.1203
-0.036843
0.1429
0.83013
0.80833
0.13418
1.1807
2.2665
0.74883
0.79543
-1.2015
0.22549
-0.39327
0.61377
1.5256
2.5233
2.7985
0.88312
0.6798
1.8175
1.4902
1.7653
1.7783
-0.48031
1.5404
0.90846
0.23975
0.3064
2.2815
0.19026
-0.23682
1.2147
3.0108
1.0256
1.3083
0.061753
2.6742
1.125
1.5301
0.047932
1.854
1.3891
-0.156
1.0397
0.5494
1.1092
0.74945
0.8101
-0.032914
0.67671
1.7665
2.7447
-0.16052
3.3774
2.5261
1.1685
0.69879
0.30135
1.8328
0.30539
0.53812
1.8836
1.4359
1.8967
1.5047
0.5991
0.48615
1.7964
0.32881
2.1867
1.7907
1.2877
1.0032
1.3656
4.5267
0.88756
-0.55659
2.9151
1.6098
0.35209
3.6173
1.551
1.2942
0.22216
-0.06493
-0.76841
0.57708
-0.053102
1.6478
0.68237
2.769
2.5106
1.164
0.71724
2.1522
-0.14651
1.6737
0.33089
0.59968
0.3282
1.5756
