1000
5.4379
4.8197
7.2844
6.0582
2.5231
4.0486
4.9675
5.4972
4.7152
4.9541
4.6751
3.6836
7.1298
4.8039
7.3247
4.1098
4.7428
3.6912
4.1444
5.902
5.7558
4.1245
5.151
4.5596
5.8276
4.2307
6.5558
3.4496
5.2907
3.487
4.2743
3.9244
6.5488
4.8375
5.3258
3.5581
4.0399
5.3476
4.8969
5.6606
6.1571
4.0806
4.0295
5.4561
4.8792
5.0129
4.1144
4.0514
5.4468
6.5601
4.6535
6.1082
6.3697
6.072
6.5164
5.3588
3.3858
4.1762
4.8454
3.5481
4.4758
6.2747
4.2195
5.203
5.2813
6.8452
4.7482
5.6454
3.7687
4.1229
5.3265
5.5244
4.5278
5.2747
4.3273
5.5742
4.2977
5.2513
5.3524
6.4329
3.8905
5.2138
3.2736
5.1268
5.7843
3.9328
4.7949
6.2286
6.6558
5.002
6.4858
4.8414
4.1261
4.8962
3.2574
4.1737
4.3788
6.3784
5.2226
7.0441
5.4451
5.3536
4.7763
4.1085
5.1695
4.6239
3.4427
5.5149
4.835
5.262
4.4796
5.6854
4.4015
5.3558
5.6682
4.8746
4.0796
5.2386
6.0772
2.822
5.114
5.1411
5.35
4.6213
5.3382
4.4459
5.2553
6.1481
4.9092
3.9208
4.8966
5.4341
4.7298
6.6613
4.5588
4.5749
6.6297
5.2986
5.5353
6.3336
4.3448
4.8143
5.8695
4.2033
5.2389
3.8366
5.5093
7.2357
4.8375
4.5977
6.6611
4.062
4.6234
4.9672
5.607
3.911
4.0322
5.3044
4.8109
3.324
3.2764
3.2679
5.0198
5.4531
5.6671
3.938
2.9892
5.5922
4.9158
4.9823
4.5939
4.6884
6.9018
4.8462
5.5108
2.8287
3.5127
4.2183
5.1468
5.3617
7.5098
3.2427
3.2719
4.7188
4.1306
3.9614
5.9529
4.5733
5.4685
5.2034
3.3993
5.7659
4.7437
4.3378
4.8468
5.3933
6.105
5.1021
3.2753
5.8343
4.4535
6.8452
5.61
5.6541
4.659
4.1567
4.2701
3.7034
4.1763
6.1819
4.4017
4.9404
6.5574
4.5013
4.7986
5.6913
5.1994
5.4626
4.6216
4.8231
6.6199
7.0215
4.9656
4.2259
4.9092
4.4226
4.2814
3.0256
3.4499
4.9706
4.3529
6.3223
3.1488
4.0713
5.5028
5.469
4.5598
3.9966
2.6288
4.5242
5.4695
4.879
3.6308
5.9558
5.737
4.8096
5.0822
5.0736
5.1784
5.7718
4.6397
6.589
3.8553
4.678
4.1991
4.3343
3.3481
6.1657
5.0763
4.8731
5.0962
4.2892
4.63
5.8974
4.9334
5.511
5.6554
6.0282
4.465
4.2547
5.3794
4.0572
6.1756
3.9267
6.0916
6.6264
3.7115
6.1821
5.519
5.1157
4.762
4.8143
5.8829
4.3533
4.3902
8.0903
6.5915
6.0873
5.958
4.9746
3.2604
4.809
5.7614
5.6716
6.6044
6.2222
5.4538
4.4483
4.7173
5.5106
4.529
4.5552
6.4544
4.8662
3.4188
2.8072
5.2452
4.5209
4.6026
4.8604
5.0372
3.9809
4.9747
2.8043
4.0661
4.6058
5.2774
5.2778
6.2668
6.6823
5.445
4.1734
5.5333
6.2527
6.1283
5.1025
3.5444
3.7113
4.6339
5.5206
4.4106
3.4312
6.321
4.5474
6.0004
5.4371
3.6947
5.0551
5.6739
4.3143
4.3057
5.3203
3.9622
4.3183
6.3258
4.6562
5.4547
4.5112
3.4563
4.5216
4.4385
5.2011
4.497
6.0104
2.9442
5.389
4.4678
5.9646
5.0682
6.6319
4.5915
4.6825
5.4753
6.0535
3.7921
2.35
4.8096
5.2489
6.5232
4.7393
5.0918
5.6705
4.3815
3.986
4.7701
3.2234
5.5055
3.9636
3.4444
5.0585
5.4784
4.7655
5.5309
5.7542
5.6819
4.7921
5.2653
4.4477
6.5097
4.28
3.8474
4.3738
4.3057
3.7215
3.7231
6.7293
5.0671
4.0762
6.0671
4.0416
6.5342
4.7084
4.2313
6.3203
4.4423
5.0089
5.7272
5.2904
4.361
2.8937
4.2179
5.6825
6.0764
5.2456
5.9271
5.3228
6.4523
6.4991
4.4167
5.0202
5.6013
6.2833
5.1477
4.4852
4.9701
3.667
4.4678
4.1405
5.1823
4.7559
6.1457
5.1964
3.8665
5.4393
4.0048
5.2073
7.4453
4.5624
5.2017
6.1458
3.9849
6.2543
4.5992
5.8327
4.4662
6.7307
6.1932
4.3139
6.8292
4.7206
5.8066
5.1779
4.9951
7.031
3.4614
3.4826
5.8119
2.8364
5.8217
6.307
3.5136
4.9675
4.4012
5.9327
4.3667
5.8038
4.2357
6.0774
5.3728
3.8141
3.8489
5.0566
3.022
5.9157
6.4765
5.6613
3.8525
5.2405
7.2377
6.2577
5.5458
5.8741
6.3434
5.1921
4.8935
4.7302
5.1615
4.7677
4.2359
4.0703
5.6079
4.4349
4.0588
3.6287
3.6264
5.6866
4.6359
5.6191
6.2154
4.7332
5.7255
7.896
4.6646
5.4476
4.6945
6.1169
4.5998
4.5828
5.663
4.9782
4.3154
2.8332
3.5921
4.4593
5.7883
5.6989
5.5462
6.0278
4.8006
5.3816
4.9381
5.4492
4.8145
6.0328
3.4383
7.3619
4.7297
3.7679
3.855
4.9587
6.3018
4.0567
5.419
4.1742
5.9547
4.4483
4.2025
7.1764
5.2795
6.3082
5.9575
5.2103
6.3534
4.8859
5.5461
3.4462
3.778
5.7652
4.6459
4.5898
5.3842
2.3709
4.6397
3.9201
5.4723
5.0305
3.468
4.9007
4.7742
5.5243
4.3743
3.6505
4.9244
5.5013
5.3609
5.6606
4.0633
4.1481
4.3309
5.6173
5.2836
5.351
6.0175
5.6777
4.8258
5.1616
7.2281
6.4417
4.5515
3.1354
4.6076
5.1342
3.0024
6.3029
6.4193
4.9883
4.6078
5.7514
5.7311
4.8719
4.4437
5.2576
6.8615
3.545
6.718
3.1638
4.1631
5.5745
6.1095
4.1365
4.8162
4.1838
3.4588
6.141
4.5186
5.0306
7.113
5.3418
4.9738
5.7203
5.2403
3.7936
5.7343
5.0084
4.911
5.7619
5.1955
4.452
3.7926
5.6512
5.7874
5.2032
5.0917
4.9103
4.8817
4.7899
6.4336
6.1606
4.6271
5.7397
4.4202
4.2832
4.8777
5.2073
4.4345
3.5608
5.8003
4.5539
5.023
5.5847
5.0834
5.0227
5.3575
5.5487
4.4235
5.352
5.6067
5.3528
3.4773
6.1474
3.9597
6.9453
4.3386
4.7804
6.0893
3.6419
5.4638
5.7357
5.5379
4.2729
5.4552
4.0205
5.2988
4.4482
5.1893
4.1842
5.4131
4.508
4.1481
2.7935
5.4706
6.7385
4.4446
6.4389
4.8153
4.1878
5.0826
4.5917
5.6944
4.1407
5.1294
5.2878
5.1272
5.2865
4.5764
3.521
5.3381
4.0544
6.1136
4.692
5.8627
6.7243
4.6606
4.3982
6.1117
5.3169
5.0373
5.1422
4.261
6.0498
4.5401
6.1101
4.5139
6.4559
5.2971
1.8973
4.8174
6.26
4.6811
4.3494
5.4488
6.464
5.7419
5.1133
5.5152
5.5183
4.8199
5.3976
4.9871
5.7015
5.6211
3.5725
4.4531
3.7695
5.0961
2.7223
4.882
6.0582
5.4363
6.4115
4.9854
4.4622
3.1652
7.6355
5.2908
6.0656
5.5352
4.6127
4.6804
2.4755
3.9937
4.5758
4.3388
5.7276
5.4566
4.4938
3.8154
5.7818
4.9196
5.3342
5.346
4.8805
5.7162
5.2279
5.0467
3.9353
5.0399
5.9169
4.5912
5.4011
5.635
8.3306
4.2815
4.796
4.5701
3.467
5.1837
5.3254
4.6375
4.955
4.8976
4.6978
4.1464
4.2807
4.083
5.6989
4.9741
5.3281
4.2989
2.8337
5.0498
5.6261
6.1436
3.1783
5.2969
5.1585
5.0461
4.8894
6.9447
3.842
5.2014
5.4418
3.0233
5.4388
6.458
4.7132
4.7087
3.5438
5.3031
6.0366
3.7426
3.6486
4.3996
5.0961
6.1207
5.5621
4.9177
4.1564
5.0609
5.5389
4.2782
5.23
5.2701
6.3266
6.5561
3.1368
6.0945
4.3505
3.6876
4.3936
4.5226
5.3124
4.7842
3.6479
4.6517
3.0927
6.5823
4.3563
5.6954
5.6673
4.3456
3.4728
3.4684
5.807
4.8803
6.0629
4.5321
2.0727
3.9149
5.7957
5.2078
6.8707
5.3465
3.2069
7.4827
6.073
3.5401
5.221
4.9555
4.2422
3.1863
4.0531
5.2746
4.4441
4.1429
5.0491
7.6058
5.2456
5.7693
4.4586
3.4426
3.8729
5.5423
5.0482
4.9529
5.8609
7.0811
5.9629
4.6652
5.3011
5.9411
5.0704
6.4734
6.236
5.5992
3.4436
3.8039
3.9911
6.0476
4.9741
6.9011
4.8796
4.9895
4.7759
6.2839
6.0538
5.1866
4.4997
4.6246
4.637
5.6812
6.0139
6.645
6.0382
3.9221
6.006
5.1265
4.2908
4.7992
4.8557
5.002
5.1417
4.8645
4.5554
6.2325
6.4471
5.5451
5.0698
6.4222
4.6312
4.6986
5.0568
5.9961
4.8981
5.5492
4.8999
5.223
3.022
6.3967
6.0066
3.9398
2.5251
6.6568
5.0591
5.9339
5.5929
5.4137
6.1736
5.476
3.295
5.6797
4.6597
5.1939
5.2196
5.3432
4.4423
4.4286
3.9258
6.097
5.0939
5.4532
6.0348
3.844
3.8652
4.8237
5.6906
4.1311
4.2485
5.5342
5.3143
5.5571
5.6925
6.0445
3.2633
5.1447
5.3683
3.2986
5.0932
6.0674
3.4792
5.0423
4.4239
5.707
3.8777
3.8695
6.2947
5.4822
6.37
5.8671
5.6154
5.1201
3.6782
4.9932
5.2062
5.5066
4.0876
5.0913
6.7182
4.4486
5.1061
5.1776
4.0825
5.3621
5.2116
2.6229
7.2158
6.3753
6.2109
5.8576
4.6577
3.8009
4.5302
5.5026
6.9107
3.998
6.8676
3.9477
5.8036
4.9273
3.048
